1 573.59
1 573.93
1 574.52
1 578.23
1 578.91
1 578.81
1 577.87
1 577.85
1 577.77
1 576.64
1 577.30
1 577.50
1 577.46
1 577.46
1 577.28
1 577.05
1 576.96
1 576.95
1 576.72
1 576.77
1 576.73
1 574.18
1 574.07
1 573.31
1 573.46
1 574.12
1 574.39
1 575.19
1 574.93
1 575.04
1 575.03
1 574.20
1 574.21
1 574.81
1 574.78
1 574.75
1 574.47
1 574.41
1 574.51
1 574.17
1 573.46
1 574.82
1 575.41
1 575.97
1 576.48
1 576.95
1 576.40
1 575.43
1 575.43
1 577.46
1 577.39
1 576.80
1 576.71
1 576.22
1 576.05
1 575.83
1 575.82
1 575.65
1 574.80
1 574.95
1 575.90
1 576.27
1 576.37
1 576.50
1 576.47
1 576.11
1 575.67
1 575.67
1 575.58
1 575.71
1 575.04
1 575.57
1 575.48
1 575.27
1 574.16
1 575.29
1 575.58
1 575.07
1 574.97
1 574.38
1 575.53
1 575.25
1 574.23
1 574.11
1 575.23
1 574.34
1 575.34
1 573.89
1 577.00
1 574.85
1 575.80
1 575.15
1 574.17
1 575.16
1 574.68
1 573.36
1 569.72
1 570.26
1 571.28
1 570.60
1 565.51
1 565.72
1 571.52
1 569.80
1 567.52
1 566.79
1 568.84
1 566.14
1 564.74
1 564.95
1 564.49
1 564.58
1 564.76
1 565.15
1 565.10
1 562.25
1 560.56
1 562.48
1 563.84
1 562.15
1 563.26
1 563.80
1 563.34
1 566.51
1 565.92
1 565.55
1 565.16
1 566.44
1 569.02
1 569.76
1 570.81
1 570.17
1 570.00
1 569.35
1 569.85
1 570.09
1 570.41
1 570.45
1 569.65
1 569.81
1 569.50
1 570.12
1 570.49
1 571.75
1 571.12
1 571.02
1 571.65
1 570.16
1 567.52
1 567.41
1 567.02
1 566.82
1 566.12
1 566.28
1 567.99
1 567.43
1 564.99
1 564.47
1 565.21
1 565.61
1 565.68
1 565.27
1 566.10
1 570.82
1 570.12
1 571.45
1 568.96
1 570.23
1 569.84
1 570.86
1 570.77
1 571.08
1 571.52
1 571.59
1 572.50
1 574.05
1 575.61
1 575.04
1 575.21
1 575.24
1 574.34
1 573.50
1 575.28
1 575.97
1 574.38
1 575.48
1 576.29
1 576.69
1 578.13
1 581.34
1 579.34
1 578.03
1 578.16
1 576.81
1 576.60
1 576.26
1 577.18
1 577.25
1 576.82
1 576.99
1 576.92
1 580.47
1 580.28
1 580.71
1 575.57
1 576.79
1 575.44
1 575.09
1 575.81
1 575.60
1 575.61
1 575.89
1 576.27
1 576.54
1 576.39
1 576.17
1 576.20
1 576.37
1 575.62
1 575.41
1 575.15
1 575.38
1 574.83
1 574.38
1 575.01
1 574.03
1 574.48
1 573.79
1 573.07
1 573.08
1 573.26
1 572.37
1 573.90
1 573.46
1 574.03
1 574.23
1 573.94
1 573.48
1 572.35
1 574.54
1 573.44
1 573.39
1 573.05
1 573.21
1 573.04
1 573.41
1 573.38
1 572.40
1 572.83
1 571.84
1 571.77
1 569.94
1 570.43
1 570.72
1 569.96
1 570.93
1 569.96
1 569.43
1 570.36
1 570.80
1 571.19
1 571.92
1 571.49
1 571.87
1 571.18
1 568.86
1 569.66
1 568.42
1 564.97
1 566.42
1 565.72
1 567.22
1 567.46
1 567.26
1 567.40
1 566.22
1 567.98
1 569.01
1 569.34
1 569.56
1 568.44
1 567.05
1 567.41
1 567.25
1 565.13
1 566.93
1 566.57
1 564.78
1 566.60
1 565.42
1 566.25
1 565.68
1 566.27
1 565.96
1 566.13
1 565.74
1 565.56
1 565.40
1 566.47
1 566.77
1 566.73
1 566.43
1 566.63
1 566.23
1 565.89
1 565.56
1 567.12
1 567.43
1 567.62
1 567.86
1 567.65
1 567.70
1 567.68
1 568.33
1 568.39
1 568.43
1 568.06
1 567.50
1 567.99
1 567.16
1 567.04
1 565.88
1 564.06
1 564.40
1 564.33
1 563.64
1 564.87
1 564.41
1 567.04
1 562.47
1 565.15
1 564.42
1 565.46
1 557.67
1 556.41
1 555.45
1 557.31
1 552.17
1 558.58
1 559.84
1 563.51
1 558.36
1 558.80
1 562.71
1 563.35
1 562.87
1 563.01
1 562.39
1 560.25
1 560.38
1 558.40
1 555.25
1 552.60
1 553.02
1 555.87
1 554.60
1 553.22
1 554.08
1 554.95
1 555.71
1 554.58
1 560.69
1 563.64
1 562.65
1 563.75
1 561.97
1 563.82
1 563.57
1 562.71
1 562.97
1 562.44
1 560.86
1 560.46
1 559.57
1 558.55
1 559.57
1 556.64
1 555.19
1 555.83
1 555.95
1 556.07
1 556.68
1 555.58
1 557.21
1 557.64
1 557.77
1 556.66
1 558.00
1 558.02
1 557.49
1 556.59
1 556.89
1 557.10
1 556.06
1 544.24
1 549.81
1 550.24
1 549.44
1 548.72
1 551.06
1 553.44
1 552.78
1 552.27
1 552.07
1 548.09
1 548.61
1 549.82
1 549.31
1 550.14
1 548.52
1 548.23
1 549.98
1 548.62
1 554.92
1 552.60
1 552.51
1 552.78
1 551.86
1 549.25
1 547.13
1 547.14
1 546.82
1 546.60
1 547.61
1 550.16
1 550.50
1 550.96
1 550.50
1 550.90
1 553.25
1 552.04
1 553.75
1 553.47
1 554.44
1 557.87
1 559.99
1 559.35
1 559.76
1 560.07
1 560.38
1 562.88
1 563.56
1 565.67
1 566.79
1 566.19
1 566.59
1 569.27
1 569.97
1 568.19
1 567.99
1 567.80
1 567.81
1 569.95
1 569.97
1 566.37
1 566.71
1 567.66
1 567.25
1 566.51
1 567.13
1 568.57
1 565.85
1 565.99
1 562.41
1 563.40
1 563.27
1 563.95
1 563.77
1 563.75
1 564.05
1 564.00
1 563.41
1 562.95
1 564.60
1 564.11
1 561.78
1 561.74
1 561.75
1 561.86
1 560.85
1 561.04
1 556.27
1 559.67
1 559.19
1 559.66
1 559.69
1 559.80
1 562.20
1 561.86
1 562.72
1 562.99
1 562.72
1 563.67
1 563.60
1 563.05
1 563.56
1 561.15
1 560.46
1 562.39
1 562.23
1 562.25
1 562.58
1 561.94
1 560.24
1 559.56
1 559.25
1 559.60
1 558.35
1 554.38
1 554.37
1 555.66
1 556.71
1 552.14
1 549.76
1 553.17
1 552.52
1 552.74
1 551.78
1 555.10
1 555.02
1 555.08
1 552.38
1 552.84
1 553.97
1 554.04
1 553.51
1 555.23
1 554.02
1 555.02
1 554.70
1 550.31
1 552.62
1 554.64
1 555.36
1 553.88
1 554.39
1 553.50
1 553.12
1 551.19
1 551.66
1 551.51
1 552.37
1 553.10
1 554.78
1 554.99
1 554.19
1 554.57
1 554.38
1 553.95
1 553.59
1 554.04
1 553.91
1 554.62
1 553.03
1 553.26
1 552.57
1 553.78
1 553.62
1 554.15
1 556.48
1 556.20
1 555.89
1 555.89
1 555.98
1 557.96
1 557.63
1 558.47
1 557.94
1 557.95
1 558.17
1 559.28
1 559.62
1 559.69
1 560.53
1 559.78
1 558.70
1 558.72
1 558.83
1 558.96
1 558.66
1 558.32
1 559.38
1 558.93
1 558.61
1 558.30
1 558.00
1 558.20
1 558.04
1 558.78
1 559.27
1 557.28
1 557.04
1 558.78
1 558.22
1 554.43
1 554.44
1 553.62
1 554.49
1 554.46
1 552.82
1 552.19
1 553.69
1 552.09
1 553.61
1 552.91
1 552.37
1 554.52
1 552.69
1 550.66
1 551.26
1 550.57
1 549.10
1 553.17
1 550.11
1 550.41
1 550.87
1 548.22
1 550.19
1 549.10
1 550.30
1 550.55
1 549.50
1 552.65
1 556.08
1 558.68
1 552.42
1 558.87
1 560.71
1 561.86
1 559.81
1 557.72
1 559.31
1 560.23
1 561.05
1 561.70
1 561.33
1 559.26
1 559.55
1 559.96
1 557.78
1 553.49
1 555.33
1 555.54
1 562.46
1 561.24
1 561.18
1 560.22
1 560.09
1 556.68
1 558.13
1 557.99
1 557.27
1 556.02
1 557.72
1 558.17
1 556.53
1 556.24
1 550.90
1 554.97
1 554.55
1 553.28
1 554.34
1 552.93
1 552.42
1 553.25
1 550.55
1 550.24
1 551.15
1 553.42
1 553.05
1 552.56
1 552.67
1 551.85
1 553.25
1 552.35
1 552.56
1 551.81
1 554.74
1 555.32
1 553.57
1 553.33
1 553.24
1 552.92
1 551.27
1 549.74
1 552.20
1 553.02
1 553.65
1 556.68
1 556.33
1 560.90
1 560.11
1 559.67
1 559.88
1 559.37
1 559.16
1 560.43
1 560.31
1 558.49
1 558.70
1 556.10
1 555.63
1 554.32
1 554.48
1 553.02
1 553.04
1 551.39
1 551.76
1 550.72
1 550.96
1 550.93
1 550.22
1 549.33
1 551.61
1 550.16
1 549.56
1 549.73
1 546.91
1 544.39
1 539.10
1 540.44
1 540.10
1 535.48
1 539.20
1 533.75
1 534.06
1 535.09
1 535.29
1 533.57
1 533.96
1 534.44
1 534.42
1 534.34
1 533.49
1 536.46
1 535.79
1 534.17
1 533.95
1 535.44
1 534.73
1 535.55
1 535.28
1 533.62
1 535.58
1 537.41
1 537.30
1 536.98
1 536.18
1 540.00
1 539.67
1 538.73
1 539.03
1 538.86
1 539.06
1 539.62
1 538.77
1 539.36
1 540.85
1 540.87
1 540.30
1 542.67
1 542.95
1 543.32
1 543.27
1 542.83
1 543.50
1 543.85
1 543.24
1 542.16
1 541.31
1 541.57
1 541.71
1 542.11
1 542.24
1 542.02
1 541.62
1 541.84
1 541.54
1 541.15
1 540.88
1 540.15
1 540.14
1 540.18
1 540.51
1 540.01
1 539.48
1 539.00
1 539.19
1 539.19
1 539.13
1 542.58
1 543.06
1 542.70
1 538.67
1 539.40
1 539.69
1 539.41
1 539.40
1 539.26
1 539.25
1 538.75
1 538.19
1 538.90
1 539.04
1 539.19
1 539.24
1 539.48
1 537.69
1 537.12
1 538.61
1 538.33
1 537.75
1 539.88
1 542.02
1 540.85
1 540.17
1 540.07
1 540.39
1 540.78
1 539.93
1 539.58
1 539.67
1 539.84
1 539.85
1 537.33
1 537.29
1 536.88
1 539.17
1 538.74
1 535.34
1 535.41
1 533.06
1 533.05
1 533.14
1 534.71
1 533.32
1 531.40
1 532.79
1 533.85
1 534.18
1 532.31
1 531.72
1 532.37
1 532.20
1 532.40
1 532.04
1 532.78
1 531.96
1 532.52
1 533.92
1 534.61
1 532.93
1 533.79
1 533.61
1 531.28
1 530.44
1 530.78
1 534.70
1 533.43
1 533.35
1 533.62
1 535.39
1 535.21
1 534.90
1 535.08
1 535.28
1 535.15
1 535.20
1 535.43
1 534.69
1 535.37
1 536.12
1 534.17
1 534.06
1 532.65
1 532.64
1 533.49
1 532.12
1 531.77
1 532.73
1 532.09
1 532.87
1 532.86
1 532.17
1 532.40
1 532.14
1 530.97
1 532.26
1 531.76
1 533.31
1 534.68
1 536.23
1 536.39
1 540.45
1 538.83
1 538.96
1 539.69
1 539.65
1 540.92
1 546.57
1 543.66
1 541.66
1 542.82
1 542.62
1 543.31
1 542.58
1 542.19
1 541.28
1 544.07
1 541.70
1 541.14
1 541.32
1 541.64
1 539.18
1 538.35
1 538.82
1 538.76
1 538.44
1 534.53
1 534.99
1 535.12
1 536.68
1 538.12
1 535.07
1 534.28
1 533.95
1 533.91
1 533.39
1 533.90
1 533.40
1 526.17
1 525.37
1 526.04
1 526.43
1 525.61
1 525.96
1 531.28
1 529.04
1 528.63
1 529.78
1 529.16
1 528.16
1 529.24
1 529.98
1 528.89
1 528.52
1 527.42
1 529.18
1 527.57
1 522.59
1 523.36
1 508.93
1 507.73
1 510.29
1 510.34
1 509.98
1 499.40
1 501.43
1 502.01
1 499.87
1 497.64
1 492.94
1 495.64
1 494.43
1 493.25
1 491.10
1 490.93
1 491.33
1 486.21
1 486.61
1 484.27
1 475.90
1 475.44
1 480.01
1 476.22
1 464.19
1 455.24
1 452.66
1 433.28
1 425.03
1 431.97
1 430.89
1 436.66
1 436.54
1 441.15
1 440.84
1 440.38
1 441.80
1 442.44
1 438.72
1 435.72
1 437.65
1 439.07
1 439.27
1 443.82
1 441.12
1 441.24
1 440.41
1 440.28
1 439.28
1 437.56
1 436.58
1 436.72
1 431.08
1 434.08
1 436.22
1 435.62
1 434.13
1 436.34
1 437.46
1 438.39
1 438.35
1 437.96
1 439.45
1 440.03
1 438.31
1 437.52
1 437.46
1 430.04
1 433.49
1 436.32
1 431.31
1 426.86
1 426.81
1 426.82
1 425.58
1 426.36
1 423.53
1 419.60
1 421.85
1 421.32
1 425.01
1 416.88
1 429.17
1 428.26
1 429.31
1 429.15
1 429.51
1 432.01
1 429.62
1 431.94
1 432.65
1 430.41
1 430.10
1 430.56
1 429.00
1 430.45
1 429.89
1 427.86
1 426.44
1 427.09
1 426.71
1 426.93
1 427.01
1 427.09
1 427.82
1 428.14
1 427.56
1 429.38
1 429.61
1 430.33
1 429.18
1 429.27
1 428.89
1 425.02
1 425.59
1 424.37
1 422.67
1 423.43
1 423.06
1 417.27
1 416.69
1 418.28
1 418.18
1 417.29
1 417.96
1 419.08
1 416.54
1 416.93
1 418.11
1 416.56
1 420.71
1 420.70
1 419.26
1 419.99
1 421.26
1 421.31
1 422.61
1 421.20
1 417.54
1 416.65
1 416.72
1 416.90
1 416.97
1 417.67
1 414.07
1 412.94
1 412.69
1 410.94
1 411.37
1 407.45
1 406.49
1 400.75
1 406.34
1 404.66
1 410.00
1 416.12
1 414.07
1 411.57
1 409.87
1 412.44
1 411.61
1 412.31
1 412.71
1 411.55
1 412.63
1 410.89
1 409.78
1 409.18
1 407.63
1 407.18
1 411.91
1 410.21
1 409.11
1 406.33
1 407.11
1 405.80
1 407.42
1 406.58
1 406.95
1 404.94
1 404.53
1 404.20
1 403.26
1 402.71
1 401.06
1 400.51
1 400.15
1 399.08
1 396.58
1 397.48
1 392.71
1 392.01
1 381.32
1 385.72
1 389.15
1 380.35
1 383.19
1 384.87
1 384.15
1 383.45
1 380.26
1 380.98
1 383.92
1 383.98
1 383.46
1 382.09
1 384.52
1 384.66
1 388.81
1 385.35
1 386.56
1 386.18
1 389.77
1 391.57
1 387.48
1 394.29
1 393.62
1 399.01
1 394.99
1 401.67
1 397.90
1 397.85
1 398.21
1 393.94
1 395.34
1 398.36
1 405.53
1 406.63
1 417.75
1 419.29
1 418.09
1 419.72
1 422.76
1 415.94
1 411.23
1 403.43
1 409.22
1 410.34
1 415.12
1 407.43
1 396.66
1 385.81
1 395.06
1 395.27
1 398.08
1 408.33
1 405.57
1 404.77
1 406.85
1 402.01
1 409.29
1 410.17
1 411.20
1 410.56
1 415.19
1 417.97
1 416.93
1 415.88
1 414.98
1 413.87
1 420.00
1 424.80
1 433.97
1 434.48
1 429.78
1 427.72
1 427.29
1 415.65
1 415.33
1 411.71
1 411.46
1 407.58
1 407.50
1 406.21
1 408.76
1 409.85
1 412.76
1 416.36
1 413.57
1 412.21
1 413.82
1 410.73
1 413.51
1 410.83
1 411.72
1 409.85
1 409.85
1 404.90
1 406.73
1 408.07
1 405.26
1 404.63
1 407.76
1 410.62
1 413.40
1 410.24
1 415.02
1 412.15
1 413.93
1 415.38
1 414.18
1 419.49
1 421.29
1 422.27
1 421.10
1 422.11
1 426.61
1 424.22
1 419.57
1 421.52
1 420.61
1 420.40
1 416.30
1 418.28
1 418.42
1 418.85
1 417.49
1 415.70
1 416.14
1 414.78
1 414.27
1 413.10
1 415.43
1 409.48
1 411.88
1 409.16
1 413.23
1 415.65
1 425.36
1 427.41
1 425.53
1 425.47
1 425.21
1 424.94
1 423.98
1 422.98
1 423.97
1 422.28
1 424.55
1 426.03
1 425.88
1 429.02
1 431.39
1 431.86
1 431.70
1 429.99
1 431.83
1 432.23
1 430.93
1 431.48
1 431.40
1 427.54
1 428.51
1 432.13
1 431.09
1 431.37
1 430.13
1 431.79
1 437.27
1 435.90
1 434.25
1 435.88
1 435.78
1 438.89
1 441.02
1 445.48
1 446.09
1 449.12
1 446.76
1 447.32
1 452.40
1 452.79
1 458.74
1 469.40
1 468.83
1 469.01
1 469.46
1 477.78
1 464.39
1 466.93
1 464.83
1 467.42
1 465.07
1 466.77
1 468.95
1 469.54
1 466.73
1 466.82
1 479.28
1 468.56
1 457.38
1 460.37
1 459.73
1 459.42
1 457.60
1 459.36
1 457.45
1 456.65
1 458.69
1 459.31
1 458.26
1 456.76
1 456.02
1 454.34
1 455.30
1 455.54
1 459.96
1 458.71
1 458.15
1 458.81
1 461.40
1 461.17
1 460.67
1 461.47
1 464.49
1 464.58
1 465.10
1 465.96
1 464.12
1 464.66
1 466.50
1 466.46
1 464.52
1 463.42
1 463.23
1 462.24
1 461.27
1 463.01
1 459.38
1 459.01
1 459.47
1 457.28
1 454.07
1 452.81
1 458.79
1 458.00
1 461.18
1 460.45
1 459.89
1 456.47
1 458.36
1 455.50
1 460.10
1 454.59
1 451.29
1 434.98
1 438.10
1 428.00
1 426.62
1 420.63
1 424.39
1 422.57
1 430.79
1 432.07
1 425.93
1 426.85
1 427.42
1 439.68
1 432.98
1 438.86
1 437.44
1 436.58
1 438.18
1 437.43
1 436.71
1 437.89
1 438.39
1 433.13
1 434.27
1 434.59
1 438.56
1 437.77
1 437.31
1 437.26
1 437.92
1 438.52
1 439.06
1 438.16
1 437.43
1 432.34
1 436.22
1 433.07
1 428.96
1 429.85
1 429.11
1 430.83
1 432.10
1 430.69
1 431.32
1 431.58
1 428.43
1 419.18
1 426.13
1 424.81
1 424.67
1 425.22
1 427.06
1 429.97
1 430.12
1 429.73
1 431.55
1 433.92
1 432.25
1 432.38
1 432.68
1 431.75
1 428.97
1 427.81
1 427.73
1 430.13
1 430.25
1 430.40
1 435.64
1 434.73
1 433.83
1 434.47
1 435.86
1 434.68
1 435.52
1 430.97
1 433.25
1 432.96
1 430.94
1 431.74
1 433.13
1 433.95
1 435.51
1 435.16
1 435.06
1 435.88
1 435.32
1 435.40
1 436.90
1 435.70
1 432.40
1 433.47
1 434.28
1 433.11
1 433.52
1 434.84
1 434.49
1 433.95
1 432.92
1 432.42
1 432.02
1 430.51
1 431.65
1 431.64
1 431.21
1 428.84
1 429.21
1 431.87
1 430.48
1 435.96
1 435.43
1 435.80
1 435.25
1 437.87
1 438.06
1 439.12
1 441.00
1 442.38
1 442.35
1 443.30
1 445.33
1 448.44
1 447.60
1 446.97
1 456.97
1 451.64
1 452.52
1 453.57
1 454.85
1 456.10
1 457.80
1 457.53
1 457.17
1 456.82
1 453.40
1 462.75
1 461.11
1 461.83
1 448.78
1 449.22
1 449.59
1 451.22
1 449.83
1 449.22
1 450.44
1 450.76
1 451.68
1 451.67
1 455.82
1 455.49
1 455.11
1 455.65
1 457.17
1 457.76
1 464.66
1 470.45
1 467.96
1 466.74
1 467.84
1 469.63
1 468.27
1 468.96
1 466.68
1 464.22
1 463.43
1 463.77
1 461.87
1 463.25
1 463.94
1 464.64
1 464.08
1 468.83
1 466.87
1 466.05
1 466.97
1 464.71
1 465.91
1 469.81
1 467.64
1 467.76
1 467.91
1 461.96
1 463.64
1 463.40
1 463.73
1 463.65
1 463.62
1 463.56
1 463.05
1 462.19
1 463.65
1 467.35
1 468.10
1 467.40
1 472.75
1 471.12
1 472.45
1 476.13
1 471.58
1 475.36
1 474.21
1 472.20
1 467.74
1 467.14
1 464.70
1 464.67
1 465.46
1 469.29
1 469.35
1 469.22
1 469.49
1 469.65
1 470.75
1 469.76
1 468.25
1 466.16
1 466.49
1 464.85
1 465.19
1 465.23
1 465.17
1 463.65
1 460.50
1 459.56
1 460.47
1 460.17
1 460.02
1 459.19
1 459.20
1 463.57
1 463.07
1 465.04
1 469.70
1 468.96
1 473.50
1 472.48
1 470.60
1 468.93
1 469.25
1 468.62
1 469.16
1 469.75
1 470.52
1 469.37
1 470.09
1 467.94
1 469.86
1 469.21
1 468.44
1 467.11
1 466.94
1 468.97
1 468.50
1 468.83
1 467.53
1 467.51
1 469.79
1 472.15
1 472.51
1 472.72
1 472.64
1 469.89
1 471.61
1 471.13
1 468.94
1 469.81
1 466.77
1 466.72
1 467.27
1 467.39
1 467.72
1 466.82
1 466.08
1 465.70
1 466.42
1 464.90
1 464.70
1 464.64
1 464.92
1 462.42
1 462.56
1 462.50
1 461.94
1 461.92
1 462.98
1 463.18
1 462.72
1 462.05
1 461.38
1 459.74
1 462.35
1 460.92
1 462.24
1 463.19
1 470.70
1 471.11
1 470.59
1 464.55
1 464.01
1 465.13
1 465.66
1 465.11
1 463.45
1 465.71
1 467.53
1 466.49
1 465.98
1 465.17
1 466.23
1 465.80
1 466.30
1 466.02
1 465.67
1 464.61
1 463.86
1 463.07
1 462.01
1 461.97
1 463.36
1 461.93
1 463.22
1 466.07
1 464.97
1 465.20
1 464.29
1 465.06
1 464.03
1 465.03
1 465.68
1 466.23
1 466.58
1 466.40
1 470.22
1 469.58
1 468.72
1 468.64
1 468.29
1 467.00
1 465.59
1 467.25
1 466.57
1 465.16
1 464.41
1 459.52
1 458.10
1 458.84
1 458.98
1 457.90
1 459.32
1 459.24
1 458.23
1 460.10
1 459.55
1 460.23
1 462.80
1 464.21
1 465.12
1 464.54
1 463.79
1 465.07
1 466.31
1 466.70
1 465.04
1 463.71
1 463.06
1 457.97
1 459.28
1 458.27
1 458.27
1 459.37
1 460.33
1 460.52
1 460.61
1 461.52
1 463.24
1 458.78
1 456.16
1 459.13
1 458.84
1 458.79
1 459.19
1 458.63
1 457.72
1 458.54
1 457.03
1 458.95
1 457.96
1 459.17
1 458.86
1 459.01
1 461.19
1 460.55
1 462.30
1 462.89
1 462.73
1 475.09
1 473.66
1 473.47
1 476.98
1 478.94
1 477.99
1 475.15
1 476.86
1 477.60
1 478.61
1 513.99
1 514.62
1 515.13
1 517.87
1 529.57
1 524.77
1 527.08
1 531.87
1 528.08
1 529.89
1 530.86
1 536.59
1 541.31
1 539.16
1 559.93
1 556.99
1 554.40
1 554.37
1 552.09
1 553.72
1 558.49
1 551.52
1 551.69
1 543.21
1 541.41
1 535.14
1 536.82
1 536.87
1 536.74
1 536.49
1 530.34
1 532.95
1 534.42
1 536.24
1 537.40
1 538.95
1 542.04
1 557.71
1 556.32
1 552.56
1 551.84
1 549.02
1 552.27
1 551.59
1 550.35
1 553.65
1 550.27
1 551.96
1 548.89
1 548.32
1 553.53
1 550.95
1 548.50
1 550.24
1 551.35
1 546.80
1 545.17
1 548.36
1 558.46
1 586.38
1 598.29
1 592.51
1 587.95
1 586.11
1 584.53
1 578.17
1 575.37
1 574.03
1 574.80
1 581.56
1 578.55
1 586.13
1 582.49
1 583.06
1 578.91
1 583.49
1 584.12
1 585.16
1 589.52
1 590.63
1 582.59
1 587.07
1 587.84
1 605.19
1 597.01
1 599.89
1 601.55
1 620.75
1 623.16
1 621.41
1 620.71
1 621.11
1 620.55
1 615.96
1 616.60
1 617.06
1 616.01
1 621.50
1 617.23
1 613.02
1 616.02
1 612.46
1 610.25
1 612.81
1 613.67
1 612.34
1 610.67
1 611.60
1 605.26
1 603.97
1 603.76
1 602.30
1 595.03
1 599.47
1 599.55
1 599.36
1 599.23
1 596.17
1 596.32
1 594.45
1 597.24
1 597.19
1 600.83
1 598.50
1 595.61
1 596.05
1 594.56
1 598.23
1 596.57
1 595.54
1 600.83
1 601.38
1 602.75
1 600.43
1 601.27
1 602.02
1 602.40
1 602.71
1 599.25
1 601.20
1 602.63
1 601.99
1 602.41
1 603.29
1 601.64
1 600.02
1 601.82
1 601.95
1 601.59
1 601.85
1 602.56
1 602.82
1 602.95
1 600.40
1 600.64
1 602.20
1 598.88
1 601.03
1 600.79
1 601.97
1 606.07
1 605.92
1 605.30
1 606.32
1 604.75
1 604.74
1 607.27
1 608.05
1 613.24
1 610.77
1 613.15
1 612.57
1 614.15
1 612.38
1 610.45
1 608.51
1 606.86
1 604.70
1 605.15
1 602.74
1 603.55
1 602.20
1 599.09
1 597.25
1 595.36
1 592.46
1 594.18
1 592.15
1 594.90
1 596.18
1 597.42
1 593.22
1 591.56
1 588.32
1 581.11
1 583.82
1 584.62
1 582.73
1 570.30
1 578.64
1 581.36
1 580.19
1 575.70
1 579.29
1 585.86
1 585.05
1 589.56
1 588.81
1 583.47
1 585.88
1 591.33
1 589.08
1 593.71
1 586.88
1 585.28
1 586.30
1 583.91
1 583.33
1 583.19
1 582.79
1 582.74
1 584.33
1 586.87
1 584.05
1 583.53
1 580.00
1 584.96
1 582.70
1 585.11
1 585.94
1 582.18
1 581.10
1 578.46
1 580.86
1 585.57
1 591.78
1 594.55
1 595.81
1 606.35
1 605.35
1 601.32
1 593.46
1 589.53
1 589.95
1 599.41
1 610.51
1 605.07
1 603.22
1 612.76
1 633.56
1 631.81
1 657.04
1 652.54
1 650.14
1 651.22
1 647.44
1 660.13
1 648.32
1 659.98
1 667.95
1 686.24
1 692.15
1 689.23
1 701.91
1 694.15
1 701.32
1 685.54
1 687.47
1 677.55
1 676.22
1 676.74
1 679.78
1 680.16
1 683.37
1 685.60
1 690.12
1 676.52
1 670.20
1 664.97
1 672.36
1 670.30
1 672.07
1 671.60
1 670.63
1 664.53
1 666.38
1 668.41
1 669.16
1 670.61
1 673.86
1 678.76
1 679.40
1 676.83
1 678.12
1 680.93
1 682.17
1 671.82
1 681.26
1 680.07
1 680.20
1 684.87
1 680.49
1 680.33
1 681.76
1 680.93
1 683.02
1 685.53
1 691.89
1 692.20
1 684.88
1 687.16
1 683.91
1 681.48
1 685.16
1 682.43
1 692.15
1 685.59
1 686.67
1 687.97
1 689.19
1 686.46
1 681.36
1 679.87
1 678.52
1 673.64
1 671.39
1 673.19
1 675.07
1 674.50
1 669.30
1 673.20
1 673.86
1 674.59
1 679.00
1 676.78
1 677.15
1 673.63
1 672.94
1 674.85
1 675.56
1 677.06
1 676.20
1 674.05
1 677.26
